0.50
0.80
0.90
0.85
0.90
0.80
0.75
0.85
0.80
0.50
0.50
0.50
0.50
0.85
0.60
0.50
0.50
0.50
0.50
0.50
0.50
0.50
0.50
0.50
0.50
0.50
0.50
0.50
0.50
0.50
0.50
0.50
0.90
0.95
0.95
0.95
0.90
0.90
0.50
0.85
0.80
0.50
1.00
0.85
0.95
0.70
0.75
0.65
0.50
0.50
0.50
0.50
0.50
0.50
0.50
0.50
0.50
0.50
0.95
0.50
0.80
0.50
0.50
0.50
1.00
1.00
0.95
0.95
0.90
0.90
0.90
0.95
0.90
1.00
1.00
0.90
1.00
0.70
0.75
0.70
0.50
0.90
0.85
0.20
0.30
0.20
0.20
0.20
0.10
0.01
0.05
0.10
0.90
0.20
0.00
0.00
1.00
1.00
0.95
0.95
0.90
0.90
0.90
1.00
0.90
1.00
0.90
0.90
1.00
0.70
0.75
0.60
0.50
0.90
0.90
0.20
0.90
0.20
0.20
0.20
0.10
0.01
0.10
0.10
0.90
0.20
0.00
1.00
1.00
1.00
0.95
1.00
0.90
0.90
0.85
0.90
0.90
1.00
1.00
0.90
1.00
0.90
0.70
0.70
0.50
0.90
0.90
0.20
0.90
0.70
0.90
0.90
0.90
0.90
0.20
0.90
0.90
0.85
0.90
0.90
0.90
0.90
0.90
0.90
0.90
0.85
0.70
0.90
0.75
0.90
0.90
0.85
0.90
0.75
0.60
0.50
0.50
0.50
0.75
0.50
0.50
0.50
0.40
0.45
0.20
0.01
0.10
0.20
0.20
0.20
0.50
0.50
1.00
1.00
0.90
0.90
0.90
0.85
0.85
0.90
0.90
1.00
0.90
0.90
0.85
0.85
0.60
0.65
0.50
0.50
1.00
0.50
0.50
0.30
0.30
0.30
0.10
0.01
0.10
0.30
0.10
0.20
0.00
0.00
0.00
0.00
0.00
0.00
0.00
0.00
0.00
0.00
0.00
0.00
0.00
0.00
0.00
0.00
0.00
0.00
0.50
0.00
0.00
0.50
0.50
0.00
0.00
0.00
0.10
0.01
0.00
0.50
0.00
0.05
0.00
0.50
0.20
0.50
0.50
0.50
0.30
0.50
0.20
0.30
0.50
0.20
0.20
0.20
0.50
0.50
0.51
NA
0.50
0.50
NA
0.10
0.00
0.10
0.10
0.10
0.10
0.00
0.00
0.10
0.00
0.10
0.00
0.00
1.00
1.00
0.99
0.90
0.90
0.90
0.70
0.90
NA
0.90
0.90
0.90
0.90
0.70
0.60
0.70
0.50
0.50
0.50
0.20
0.50
0.30
0.20
0.30
0.10
0.01
0.01
0.10
0.10
0.20
0.00
0.00
0.01
0.01
0.01
0.01
0.01
0.01
0.00
0.00
0.01
0.01
0.01
0.01
0.01
0.01
0.01
0.01
0.50
0.01
0.01
0.01
0.01
0.01
0.01
0.01
0.01
0.01
0.01
0.01
0.01
0.01
0.00
0.00
