0.50
0.50
0.75
0.75
0.75
0.50
0.50
0.50
0.50
0.50
0.50
0.50
0.50
0.75
0.50
0.50
0.50
0.50
0.50
0.50
0.50
0.50
0.50
0.50
0.10
0.10
0.50
0.50
0.50
0.10
0.00
0.50
0.50
0.50
0.50
0.50
0.80
0.70
0.50
0.50
0.50
0.50
0.50
0.70
0.50
0.50
0.75
0.50
0.50
0.50
0.50
0.50
0.50
0.10
0.50
0.50
0.10
0.10
0.95
0.50
0.10
0.30
0.50
0.50
0.85
0.85
0.95
0.95
0.85
0.85
0.80
0.85
0.85
0.85
0.85
0.80
0.85
0.80
0.75
0.70
0.50
0.75
0.75
0.10
0.25
0.10
0.10
0.10
0.05
0.05
0.05
0.10
0.05
0.10
0.00
0.00
0.95
0.95
0.95
0.95
0.95
0.90
0.80
0.10
0.90
0.95
0.10
0.90
0.80
0.75
0.50
0.50
0.50
0.10
0.10
0.10
0.10
0.10
0.10
0.05
0.05
0.01
0.05
0.10
0.01
0.05
0.00
0.05
0.75
0.75
0.95
0.95
0.75
0.10
0.75
0.75
0.75
0.75
0.75
0.75
0.75
0.75
0.50
0.25
0.50
0.10
0.75
0.05
0.05
0.05
0.05
0.05
0.05
0.05
0.05
0.05
0.05
0.05
0.05
0.05
0.80
0.80
0.95
0.95
0.75
0.85
0.75
0.75
0.75
0.75
0.75
0.75
0.75
0.75
0.75
0.50
0.50
0.75
0.75
0.10
0.75
0.25
0.05
0.05
0.05
0.05
0.05
0.05
0.05
0.05
0.10
0.05
0.80
0.95
0.95
0.80
0.95
0.95
0.80
0.80
0.95
0.95
0.80
0.80
0.80
0.80
0.80
0.70
0.50
0.80
0.80
0.80
0.80
0.80
0.80
0.80
0.80
0.95
0.80
0.80
0.80
0.80
0.80
0.80
0.95
0.00
0.95
0.95
0.95
0.85
0.75
0.95
0.95
0.95
0.95
0.95
0.95
0.75
0.75
0.50
0.50
0.75
0.75
0.95
0.95
0.05
0.00
0.05
0.05
0.00
0.05
0.95
0.95
0.05
0.00
0.00
0.95
0.95
0.95
0.95
0.80
0.80
0.70
0.80
0.10
0.80
0.80
0.80
0.80
0.70
0.50
0.50
0.50
0.10
0.10
0.05
0.05
0.05
0.05
0.00
0.00
0.00
0.00
0.05
0.00
0.05
0.00
0.00
0.00
0.95
0.99
0.95
0.95
0.95
0.75
0.75
0.50
0.95
0.75
0.50
0.75
0.75
0.75
0.50
0.50
0.50
0.50
0.00
0.00
0.00
0.00
0.00
0.00
0.00
0.00
0.00
0.00
0.05
0.00
0.00
0.00
0.00
0.00
0.00
0.00
0.00
0.00
0.00
0.00
0.50
0.00
0.00
0.00
0.50
0.50
0.50
0.50
0.00
0.00
0.00
0.00
0.00
0.00
0.00
0.00
0.00
0.00
0.00
0.00
0.00
0.00
0.00
