1.00
1.00
0.95
0.90
0.90
0.85
0.80
0.90
0.85
1.00
0.90
0.80
0.90
0.70
0.51
0.70
0.50
0.50
0.70
0.25
0.30
0.30
0.30
0.30
0.20
0.05
0.10
0.20
0.10
0.20
0.00
0.00
1.00
1.00
0.95
0.90
0.90
0.85
0.70
0.80
0.80
0.90
0.75
0.70
0.70
0.60
0.60
0.60
0.50
0.50
0.50
0.30
0.30
0.30
0.30
0.30
0.20
0.01
0.05
0.20
0.10
0.20
0.00
0.00
1.00
1.00
0.95
0.90
0.90
0.90
0.80
0.90
0.85
0.90
0.90
0.80
0.90
0.70
0.60
0.70
0.50
0.50
0.70
0.30
0.30
0.30
0.30
0.30
0.20
0.05
0.10
0.20
0.10
0.20
0.20
0.00
1.00
1.00
0.95
0.90
0.90
0.85
0.80
0.90
0.85
0.90
0.90
0.85
0.90
0.70
0.75
0.70
0.50
0.50
0.70
0.30
0.30
0.30
0.30
0.30
0.20
0.05
0.10
0.20
0.20
0.20
0.00
0.00
1.00
1.00
0.95
0.90
0.90
0.85
0.70
0.90
0.85
0.90
0.90
0.80
0.85
0.70
0.75
0.70
0.50
0.50
0.70
0.30
0.30
0.30
0.30
0.30
0.20
0.05
0.05
0.20
0.10
0.20
0.00
0.00
1.00
1.00
0.95
0.90
0.90
0.85
0.85
0.90
0.85
0.90
0.90
0.90
0.90
0.70
0.60
0.70
0.50
0.50
0.80
0.30
0.40
0.30
0.30
0.30
0.20
0.05
0.10
0.25
0.20
0.20
0.00
0.00
1.00
1.00
0.95
0.95
0.90
0.90
0.90
0.90
0.90
1.00
0.90
0.90
0.90
0.70
0.75
0.70
0.50
0.50
0.80
0.30
0.30
0.30
0.20
0.30
0.20
0.05
0.10
0.20
0.10
0.20
0.00
0.00
1.00
1.00
0.90
0.90
0.90
0.85
0.70
0.70
0.70
0.70
0.70
0.70
0.70
0.60
0.60
0.50
0.50
0.50
0.50
0.20
0.70
0.20
0.20
0.30
0.10
0.01
0.01
0.10
0.10
0.20
0.00
0.00
1.00
1.00
0.95
0.90
0.90
0.85
0.80
0.85
0.80
0.90
0.85
0.80
0.85
0.70
0.60
0.70
0.50
0.70
0.70
0.30
0.30
0.30
0.30
0.30
0.20
0.05
0.10
0.20
0.10
0.20
0.00
0.00
1.00
1.00
0.95
0.90
0.90
0.85
0.90
1.00
0.70
1.00
0.90
0.90
1.00
0.70
0.60
0.70
0.50
0.50
0.50
0.20
0.30
0.30
0.20
0.20
0.10
0.01
0.01
0.20
0.10
0.20
0.00
0.00
1.00
1.00
0.95
0.90
0.90
0.90
0.70
0.90
0.70
0.90
0.90
0.70
0.80
0.60
0.51
0.60
0.50
0.50
0.50
0.20
0.30
0.30
0.20
0.30
0.10
0.01
0.01
0.10
0.10
0.20
0.00
0.00
1.00
1.00
0.95
0.90
0.90
0.90
0.70
0.90
0.85
1.00
0.85
0.80
0.85
0.60
0.51
0.60
0.50
0.50
0.50
0.20
0.20
0.20
0.20
0.20
0.10
0.01
0.01
0.10
0.10
0.20
0.00
0.00
0.80
1.00
0.95
0.95
0.90
0.90
0.90
0.90
0.90
0.90
0.90
0.90
0.90
0.60
0.51
0.70
0.50
0.50
0.50
0.30
0.40
0.50
0.30
0.30
0.10
0.01
0.05
0.10
0.10
0.20
0.00
0.00
1.00
1.00
0.95
0.95
0.90
0.90
0.90
0.90
0.90
1.00
0.90
0.90
0.90
0.70
0.51
0.70
0.50
0.50
0.75
0.20
0.30
0.30
0.20
0.20
0.10
0.01
0.05
0.10
0.10
0.20
0.00
0.00
1.00
1.00
0.95
0.90
0.90
0.85
0.70
0.70
0.70
0.80
0.90
0.70
0.70
0.60
0.51
0.50
0.50
0.50
0.50
0.20
0.30
0.30
0.20
0.30
0.10
0.01
0.01
0.20
0.10
0.20
0.00
0.00
